1 2 0.896231025831417
5 1 0.212533872448184
6 1 0.640216058351514
7 1 0.343574572243703
8 1 0.488551769952052
12 3 0.241254965191154
14 3 0.86573537364112
16 1 0.566581920151844
18 3 0.239320086503282
19 3 0.63867488927493
21 1 0.684420046702364
22 1 0.19739068443277
23 3 0.33659726652899
24 1 0.70318359894277
25 1 0.758119278838305
26 1 0.773703507083025
27 1 0.542656434545402
28 1 0.674544418435901
29 2 0.787759719052016
30 1 0.212692672441217
31 2 0.878344749394036
32 2 0.382723678234374
33 2 0.677870951513319
34 1 0.679569156464315
35 3 0.855834948556367
36 1 0.241977152724639
37 2 0.461621513686228
38 1 0.752353506612445
39 2 0.768492982885736
40 1 0.648548896108942
41 2 0.188215806691524
42 1 0.643709816183888
43 1 0.693063706135056
44 3 0.313704697907912
45 2 0.874906550862005
46 2 0.675239328558174
47 1 0.42044470036882
48 3 0.651186831498726
49 1 0.700623863063847
50 3 0.701244826138684
51 2 0.924266980251618
52 2 0.773767636147228
53 3 0.830879914163115
54 2 0.474813373336187
55 2 0.7883717082671
56 1 0.360299035025099
57 1 0.12019131353559
58 1 0.508190064461325
59 3 0.927228024066113
60 3 0.504869285523601
61 1 0.245521542641105
62 2 0.862112144877645
63 2 0.861582492117324
64 1 0.576488863296255
65 1 0.475793838706092
66 3 0.874591531837678
67 3 0.522803605650112
68 3 0.267842916673901
69 3 0.563688212889983
70 2 0.218535851120147
71 3 0.626395697556497
72 3 0.663475795527629
73 2 0.442796208042087
74 3 0.434545827824458
75 3 0.205118379444839
76 2 0.502255604471006
77 1 0.130961061867355
78 2 0.679756585283687
79 1 0.468027708990212
80 2 0.614338168403177
81 2 0.103608524118252
82 2 0.373807433988565
83 1 0.457297047144156
84 2 0.632311694735823
85 1 0.0704601673065274
86 3 0.752447384962362
87 1 0.0719738192848112
88 2 0.5220418417675
89 1 0.365478105540801
90 3 0.339711762231575
91 3 0.562923640175345
92 3 0.367858770132237
93 1 0.0773321007036551
94 2 0.611217970828102
95 1 0.316676473747757
96 2 0.568552897891563
97 2 0.397010645640378
98 2 0.49955085768241
99 2 0.439591392240388
100 3 0.39446479969689
101 3 0.345719764207577
102 2 0.258733695235814
103 3 0.263804456621112
104 3 0.0676805149498921
105 3 0.124885195474848
106 3 0.0473512145454545

