108 2 684.862759974581 64.007812023221 654.000764525547
88 1 870.812264497923 167.343957166072 867.781078383252
85 3 474.149765369551 1052.68608806234 672.538474735832
102 2 366.895080370397 620.936389656783 960.729930833843
23 3 486.128583812966 601 263.40273347101
12 3 848.155646093334 453.009933665919 358.745034808846
69 1 315.069833529013 634.435969976482 433.046186913128
86 2 665.625269952997 731.749274000323 106.381389349829
46 1 400.026249138728 355.950839302283 542.476727611425
93 3 387.659644533707 734.064029904749 1046.48459138202
51 2 633.947947390005 105.261578935526 646.09596810381
105 1 744.411848374272 110.494343746637 810.178375421117
25 1 264.850901452119 541.124754562199 512.226512394663
11 1 375.089322695275 719.862486868152 399.151600272378
67 2 297.37854663711 892.773207483289 627.697379315861
35 1 626.744764637089 741.450605232742 155.206314304541
49 1 37.8021163428716 744.693896846214 783.319219731011
103 2 135.351394525509 623.000802567701 754.6721142324
59 2 734.196840091266 613.029363081411 103.464969917359
9 2 569.337334099917 584.384291369985 190.905735901256
55 1 915.1447972862 199.248588451713 884.137998278549
2 3 124.450793488832 703.802529123049 627.262305578775
73 3 850.799623883321 140.463518395347 699.235296591927
68 3 711.641763810978 413.937193303525 306.111090945755
48 2 425.913136683996 880.938136306971 486.016460626592
42 1 258.683203938717 762.598846052104 967.438370130108
56 3 168.35973390333 830.821882234694 684.722571557269
52 1 548.89434320277 229.139695382533 531.681295514522
32 3 601.139750806749 217.276321765626 801.341999398509
37 3 568.49362353504 169.189243156886 670.913556279794
99 2 811.005548686321 174.928556845359 884.081444212014
64 2 94.4139820153774 830.122882469818 798.764045259925
63 2 671.252560516532 96.7987603226405 745.499832327278
100 1 492.025405848113 821.47976238006 360.234645751904
19 1 426.976580153994 451.053211938459 392.770925604225
76 1 517.174051939963 408.936425376855 907.462946901966
74 1 305.640311477397 754.179023839831 485.907398585368
92 1 534.417439835191 925.068646101466 434.732101414193
104 1 253.938969045714 731.262606728937 947.673466970559
78 2 809.299079450854 280.080345615325 498.261979283991
10 1 461.602642973369 794.869171625117 1129.51184146073
47 3 147.763324272297 614.185639688848 618.501414711397
4 3 330.296836194354 556.835702878327 429.634728577661
75 3 428.340985664459 507.686911393233 352.23003846918
61 3 227.125515959788 559.746371136071 548.266358625076
15 2 866.35847084218 558.781710509569 271.398231387015
66 1 851.761116745769 806.595933537977 113.740933704625
27 1 494.392556578272 971.202347608365 532.159750450934
24 2 408.520501321537 752.814054066474 1071.23713527865
26 2 309.232921921325 653.027564502449 940.077124495645
33 1 792.123727709251 352.661310608351 412.080089303038
83 2 92.9139386744529 689.081272420024 789.970252604489
60 1 219.938627803303 613.166372202521 531.368986674985
101 2 380.222303396316 952.958026357929 622.180841877987
8 3 155.724115023974 611.702542090516 765.310394545899
70 3 416.389240975316 346.770817687994 729.554658678841
14 1 877.957288254958 727.15129099796 145.220521965733
50 1 858.036129775431 497.690666981007 323.443967326645
54 1 439.840880319235 551.479827373586 963.644125183151
107 3 859.790672198763 690.311523878893 145.910931735768
3 3 250.199920063936 490.520132104687 687.32088575861
44 3 657.103492609802 424.340665032236 286.295302092088
77 3 362.353418639869 722.281108710452 1022.00293541653
87 3 445.071904303114 1004.61385616564 628.990460976953
6 2 499.729927060607 1111.86330095026 743.962364639502
91 2 720.80857375589 392.460189063808 331.308013787774
90 1 208.568933448872 652.672199499871 539.370929880356
98 2 730.080132588197 116.69190203266 602.625090748801
110 2 380.131556174964 968.839511993602 645.174395028197
36 3 332.579313848592 720.117351547649 999.414328494444
62 1 633.81779716256 104.809350727881 648.170502260015
82 3 885.014124181078 152.970585407784 761.577310586391
45 2 865.301103662766 168.866811422494 682.961199483543
30 3 380.910750701526 1026.35909895124 737.531694234221
16 3 116.709039924078 647.457334501664 639.015649260642
28 1 341.716256563834 496.326505437701 834.278131080996
22 3 404.348859278717 956.529142263841 602.053153799563
39 2 423.359185562331 326.88377139283 556.410819449083
43 1 142.835569799683 729.213274700893 620.735048148564
20 2 252.483662837816 740.606508207969 951.639637678045
5 3 387.466127551816 954.002096433755 616.051945861711
57 3 456.325541691455 1103.3372104665 782.874830352848
94 2 840.669376152123 118.342722632192 716.453068944505
41 3 438.802917036795 419.640322180793 850.187038245115
81 3 454.473321549241 515.864323247887 947.140960997887
96 2 734.925846599506 134.111893581442 825.921303757204
71 2 426.896943067059 829.831910690352 431.463787588252
13 2 752.811397363244 389.390549448751 349.463875100131
29 1 514.755281663044 227.80035118498 592.817847234713
97 2 286.295302092088 454.648215656897 599.003338888858
95 1 95.0473566176356 821.549755036176 831.446931559676
106 2 474.688318794554 722.488062185113 1099.5676423031
79 1 49.0306026885251 783.577692382829 784.036988923354
7 3 256.425427756297 694.596285622087 927.762900745659
109 2 861.535837908093 804.259908238624 119.473846510439
1 3 720.481089272994 25.9422435421457 722.033932720617
31 3 744.731495238385 30.4138126514911 740.422176869386
80 1 637.913003473044 160.352736178713 557.290767912048
89 1 58.0517010948 715.681493403316 690.796641566822
18 3 719.346926037778 362.891168258474 360.679913496718
53 1 577.96626199113 578.69249174324 186.400107296106
72 2 540.792936344402 380.469446867945 363.891467336073
34 2 394.102778472824 978.241790152108 644.000776397048
65 1 150.545674132471 849.396256172583 895.40716995119
40 1 290.621747293626 760.053287605547 990.121709690278
84 1 755.007946978043 19.4164878389476 722.465916151067
38 1 205.548047910945 566.127194188726 573.846669416143
58 1 231.587996234693 507.693805359096 684.757621352256
21 2 438.94988324409 461.49431199095 889.627450116058
17 2 589.041594456622 341.672357676181 905.107728394803
